
strategic_region={
	id=101
	name="STRATEGICREGION_101"
	provinces={
		9 369 552 661 688 796 811 955 985 1082 1430 1494 1529 1818 1825 1974 1994 2134 2152 2252 2331 2363 2436 2548 2954 3012 3111 3255 3268 3396 3418 3648 3649 3768 3778 3886 3891 3905 4024 4166 4244 4245 4250 4306 4313 4378 4406 4446 4565 4658 4706 4764 4803 4820 4893 4920 4956 5072 5155 5302 5314 5494 5552 5710 5764 5766 5874 6041 6138 6363 6476 6617 6623 6693 6858 6860 6910 7017 7075 7197 7212 7408 7598 7664 7968 8070 8196 8349 8378 8460 8864 8879 9078 9111 9118 13965 13999 14036 14058 14075 14113 14121 14124 14128 14180 14194 14255 14256 14275 14294 14310 14311 14322 14327 14356 14360 14361 14376 14405 14416 14426 14448 14449 14460 14464 14471 14482 14494 14511 14521 14535 14539 14545 14559 14581 14582 14587 14616 14658 14663 14669 14670 14688 14704 14724 14743 14750 14773 14833 15492 15493 17053 17063 
	}
	weather={
	}
}
