
strategic_region={
	id=114
	name="STRATEGICREGION_114"
	provinces={
		72 298 921 1023 1537 1599 1899 2649 2907 3039 3352 3664 3869 3874 3878 3895 4374 4471 4536 4786 5040 5060 5387 5746 5821 5967 6018 6155 6334 6337 6340 6377 6445 6613 6755 7357 7771 7810 7895 8366 8602 8898 9146 10761 10792 10817 10826 10856 10879 10880 10886 10887 10932 10937 10942 10943 10944 10964 11002 11006 11030 11037 11058 11064 11065 11082 11083 11084 11095 11119 11120 11127 11132 11152 11165 16954 16976 16978 
	}
	weather={
	}
}
