
strategic_region={
	id=153
	name="STRATEGICREGION_153"
	provinces={
		228 666 772 842 1038 1090 1156 1164 1295 1354 1488 1639 1716 1855 2012 2304 2561 2650 2799 2934 3026 3933 3979 4413 4601 5009 5075 5232 5245 5343 5600 5830 5860 6359 6441 6550 6649 6709 6757 6880 7144 7183 7492 7723 7953 8061 8287 8493 8729 8840 14000 14001 14027 14041 14042 14076 14087 14092 14101 14107 14109 14129 14144 14151 14155 14187 14201 14205 14215 14224 14225 14252 14257 14299 14305 14328 14359 16949 
	}
	weather={
	}
}
