
strategic_region={
	id=191
	name="STRATEGICREGION_191"
	provinces={
		4 66 153 247 333 355 475 505 667 889 893 953 1198 1363 1686 1728 1777 1791 1874 1918 2022 2157 2170 2705 2837 2918 3475 3508 3570 3593 3660 3715 3759 3894 4135 4294 4341 4396 4636 4902 5161 5213 5685 5810 5980 6052 6131 6301 6467 6661 6923 7035 7154 7316 7346 7461 7510 7582 7781 8132 8248 8279 8395 8531 8580 8675 12289 12298 12310 12320 12324 12337 12365 12366 12376 12388 12413 12418 12421 12430 12436 12437 12463 12471 12477 12508 12512 12524 12541 12551 12554 12559 12564 12571 12585 12586 12593 12600 12605 12606 12607 12669 12690 12691 12721 12733 12737 12751 12789 12800 12811 12852 12868 12943 
	}
	weather={
	}
}
