
strategic_region={
	id=192
	name="STRATEGICREGION_192"
	provinces={
		45 251 273 313 535 555 1062 1064 1233 1330 1343 1380 2184 2231 2235 2295 2553 2712 3306 3321 3329 3332 3360 3615 3808 4240 4420 4429 4493 4659 4942 4948 5026 5493 5610 5701 6180 6269 7023 7123 7172 7264 7290 7447 7680 7686 8226 8534 8661 8718 8759 9014 9030 9127 11748 11788 11828 11855 11897 11936 11990 11997 12010 12018 12041 12051 12063 12064 12083 12095 12121 12140 12151 12167 12172 12179 12183 12184 12187 12191 12192 12210 12214 12248 12256 12267 12299 16985 
	}
	weather={
	}
}
