
strategic_region={
	id=193
	name="STRATEGICREGION_193"
	provinces={
		53 74 87 142 225 305 410 466 615 825 1122 1172 1194 1196 1432 1460 1598 1614 1753 1822 1884 1903 2006 2044 2339 2449 2557 2666 2672 2758 2763 2866 3215 3245 3493 3527 3633 3646 3725 3786 3889 4010 4513 4521 4552 4663 4858 5393 5456 5738 5807 5910 5953 6023 6103 6386 7113 7206 7425 7742 8085 8116 8159 8579 8645 8647 8692 8731 8866 8880 8992 9089 12203 12227 12280 12281 12321 12367 12372 12389 12399 12404 12419 12434 12472 12501 12502 12520 12526 12534 12537 12555 12556 12572 12573 12578 12580 12589 12594 12614 12619 12627 12642 12655 12660 12665 12670 12681 12701 12708 12709 12713 12722 12742 12755 12761 12765 12766 12768 12818 12843 12872 12884 16953 17006 
	}
	weather={
	}
}
