
strategic_region={
	id=203
	name="STRATEGICREGION_203"
	provinces={
		8 12 179 317 380 384 448 490 569 701 1099 1124 1326 1391 1444 1508 1546 1655 1662 1740 1827 1837 1922 1936 1999 2014 2400 2515 2544 2704 3249 3250 3653 3681 3844 4324 4340 4627 4716 4826 4856 4904 4997 5120 5199 5200 5352 5464 5467 5649 5832 5937 6048 6426 6481 6815 6984 6999 7205 7232 7369 7501 7555 7789 8021 8160 8253 8315 8402 8532 8594 8638 8680 8685 8785 8933 8982 9057 9145 13760 13764 13791 13796 13814 13819 13823 13827 13830 13838 13855 13857 13865 13869 13881 13892 13903 13917 13939 13949 13959 13960 13967 13968 13978 13991 14003 14017 14024 14025 14049 14084 14098 14131 14132 14153 14157 14216 14242 14277 14339 
	}
	weather={
	}
}
