
strategic_region={
	id=231
	name="STRATEGICREGION_231"
	provinces={
		104 471 575 942 945 990 1007 1015 1149 1270 1316 1361 1365 1521 1550 1794 1811 1858 2280 2412 2425 2523 2549 2641 2782 2793 2897 2945 2959 2997 3186 3190 3293 3380 3738 3847 3867 3888 3949 4395 4545 4606 4720 4832 4855 4859 4929 5118 5156 5177 5273 5290 5349 5400 5426 5465 5504 5773 5894 5966 6056 6101 6346 6737 6789 6824 6886 7160 7247 7335 7463 7608 7642 7682 7907 8084 8173 8193 8297 8326 8488 8617 8690 8790 9125 11227 11237 11260 11261 11280 11285 11297 11305 11321 11322 11326 11327 11377 11415 11420 11425 11429 11432 11444 11456 11457 11518 11519 11540 11560 11582 11589 11607 11616 11621 11642 11672 11675 11698 11714 11721 11734 11749 11763 11785 11802 11810 11830 11852 11878 11915 11930 11957 11973 12013 12042 12070 12078 
	}
	weather={
	}
}
