
strategic_region={
	id=232
	name="STRATEGICREGION_232"
	provinces={
		340 493 669 894 1225 1574 1620 1771 1838 1993 2094 2444 2605 2701 2962 3199 3246 3474 3914 3966 4061 4408 4437 4457 4796 4797 4836 4910 5042 5062 5090 5196 5261 5509 5707 5767 5873 5879 6213 6341 6369 6524 6629 6660 6813 6868 7694 7704 7769 7979 8072 8190 8354 8365 8417 8457 8736 8746 12005 12052 12085 12124 12132 12159 12160 12175 12176 12185 12199 12204 12205 12225 12264 12270 12300 12325 12370 12420 12439 12440 12473 12513 12514 12532 12569 12581 12622 12658 12678 12698 16989 16991 16992 16993 16994 16995 
	}
	weather={
	}
}
