
strategic_region={
	id=239
	name="STRATEGICREGION_239"
	provinces={
		20 33 35 88 102 254 260 261 347 387 514 573 979 1165 1309 1333 1375 1539 1781 2052 2092 2104 2362 2426 2462 2527 2776 2849 2902 3160 3467 3730 4074 4097 4268 4272 4507 4699 4744 5100 5405 5415 5450 5628 5718 5840 5850 5867 5882 6100 6189 6195 6382 6540 6590 6799 6848 7226 7360 7560 7670 7671 8147 8227 8235 8267 8269 8335 8477 8899 8910 9157 12384 12385 12448 12451 12459 12480 12486 12495 12510 12515 12516 12538 12557 12561 12612 12613 12624 12636 12648 12649 12664 12695 12696 12706 12716 12717 12730 12745 12759 12775 12780 12781 12788 12807 12836 12837 12855 12864 12874 12899 12905 12928 12997 13007 13010 13044 13048 13062 13082 13093 13104 13111 13115 16922 16926 16959 17015 17026 
	}
	weather={
	}
}
