
strategic_region={
	id=96
	name="STRATEGICREGION_96"
	provinces={
		81 133 191 193 200 519 538 722 735 1300 1443 1575 1684 2171 2302 2554 2655 3147 3261 3339 3674 3700 3834 3900 3950 4023 4057 4148 4271 4376 4491 4732 4759 5019 5209 5518 5608 5982 6082 6287 6362 6453 6515 6582 6672 6808 6900 7087 7459 7493 7639 7688 7847 7891 7926 7981 8091 8128 8440 8526 8584 8608 8709 8831 8833 9095 9168 10742 10759 10789 10796 10801 10820 10854 10876 10877 10911 10920 10926 10927 10935 10936 10951 10957 10972 10983 10984 11022 11036 11057 11063 11071 11073 11077 11094 11104 11113 11130 11131 11151 11164 11171 11183 11196 11215 11220 11247 11262 11273 11287 11293 11309 11318 11330 11331 11375 11389 11394 11440 11484 11517 11555 16973 
	}
	weather={
	}
}
