4 11 415 1105 11108 6244 8615 9177 11234 8672 11240 5733 11188 
3 7 11188 11144 1863 11021 8295 1294 10840 
2 7 11188 11141 11110 11056 8113 10949 7673 
1 4 11021 7338 11112 11170 
2 2 11188 5694 
1 6 7673 2840 7717 4652 10823 10840 
1 5 7673 10941 1545 6621 1105 
3 5 11599 7779 8200 11797 11861 
3 8 7779 3584 972 11630 18 11650 4438 8249 
2 4 8249 11663 404 6315 
2 11 11861 7153 3818 5092 11848 7649 6888 11806 2381 7970 6315 
1 3 11599 3600 7126 
1 4 11797 8837 11811 11767 
1 3 972 11704 18 
1 11 7970 11905 5527 12021 3532 11989 11985 4695 12027 11977 5092 
2 12 11893 2603 11790 5789 9140 3774 11554 7619 11460 1886 3761 2724 
3 11 11893 6525 7508 11862 6831 1528 7511 1229 1281 2329 6098 
2 5 9140 8157 729 2804 11567 
1 4 7511 6185 11753 11661 
1 9 11567 1530 8912 8011 11661 460 8776 11771 11754 
2 5 6098 2924 7716 4789 11754 
1 3 6098 4276 12216 
2 4 1886 8246 1690 11252 
1 2 12216 851 
1 4 12317 6447 12369 851 
1 6 851 6664 2992 12356 3385 2435 
1 2 3385 8745 
2 14 6447 5429 1842 4798 7522 12704 12757 12787 12802 1427 6768 12878 12888 2531 
1 5 4622 6612 1985 9166 12787 
4 10 1401 8727 5647 12948 8522 12796 7286 4502 12583 12567 
3 8 1401 7122 12870 3124 5547 12797 8693 473 
2 15 8693 12712 12667 12628 5918 3364 12673 4578 12685 8265 2682 12815 8738 1737 473 
1 7 1737 424 12981 6773 13072 8302 1930 
2 11 9073 8800 3898 4539 914 2630 1750 11843 11804 11736 11723 
1 6 11843 6285 11717 11710 11677 11673 
1 3 11736 2391 36 
1 10 9073 3858 1210 12254 3394 12137 1688 12012 11995 1750 
2 6 9073 12339 12329 12387 7429 1891 
1 5 1891 12301 256 12138 8575 
1 4 7429 2042 12535 12567 
2 6 11745 11731 7271 1518 3849 11673 
1 16 7271 11796 9051 11924 11960 958 2830 12105 7530 396 3773 11948 5389 7612 11726 11673 
1 12 12105 3481 7344 4880 12371 5063 8969 12467 5637 8098 12314 7344 
3 5 7872 12129 12090 8389 9208 
3 3 7872 12235 12335 
3 8 9208 6037 11890 11824 8514 11680 11649 11580 
2 6 11542 3399 11580 4169 3080 6000 
2 3 11890 8143 11923 
2 10 7872 12245 12297 8162 12403 1852 4776 8783 7278 6136 
1 3 1852 8217 3635 
2 3 11542 8041 5785 
3 13 11348 11388 5785 11406 2466 11366 11343 920 1407 8376 7116 11434 4885 
2 3 6000 8574 7116 
2 3 4885 9191 11295 
2 3 11343 11308 6521 
1 6 6521 11269 11212 11162 4305 2457 
1 3 11162 1511 8434 
1 2 8434 11046 
1 2 1493 9191 
1 7 4735 7748 1435 5435 10752 6850 8830 
1 3 4735 5811 11046 
1 7 8830 8055 10607 10587 10544 2038 2577 
1 11 8830 3355 7159 10745 10791 5008 1447 10714 5220 10665 5334 
1 8 5334 4881 1187 10550 8261 10557 1719 10587 
1 2 11295 11244 
2 5 10919 10977 7010 244 11048 
1 4 684 7086 5327 10919 
1 17 5327 10867 7283 1990 314 6517 10866 10883 10934 11005 3309 3361 11169 8659 6040 8953 11244 
1 3 8953 7758 11048 
1 3 10791 6929 10883 
1 2 11162 3361 
4 10 3732 7166 2732 2736 6936 9796 9778 204 3368 9691 
4 3 6271 9983 2736 
4 9 10356 10331 10292 2232 10220 10167 10114 10070 6271 
4 6 10292 10351 2093 6655 1039 7701 
4 6 1039 6423 10583 3538 5761 10741 
4 15 10356 1972 10304 10312 6239 10341 10284 7762 10124 10140 7189 10045 418 8671 1381 
4 5 9691 9683 3342 9661 6261 
3 9 10312 4862 10163 10094 9201 10026 9988 9918 3732 
3 7 6261 7886 9735 733 8236 3812 9680 
2 14 6143 9655 1335 8412 9582 4183 4831 3517 8441 2590 9586 4003 4258 3812 
1 9 10094 8722 10049 5453 1616 2607 3454 3198 9735 
3 8 1381 7108 9894 9857 7828 9760 1831 3812 
2 4 204 9713 9690 6143 
3 18 6271 10076 10139 7960 1235 6798 10278 10323 2648 10322 6571 4840 10272 10240 8851 5606 5406 1536 
3 3 9778 7984 9852 
2 8 9852 7814 9893 8563 9933 5378 9868 1588 
2 9 1588 4440 9007 5947 9740 503 1581 9878 37 
2 7 2648 4185 10104 10060 10013 9973 9933 
2 6 1536 4784 6626 7674 6840 9878 
2 3 2577 10384 10323 
3 5 10741 4407 10785 186 4735 
2 6 37 815 9956 4038 3298 10030 
2 9 10030 10082 5820 1627 10245 10315 10370 670 6489 
1 19 1627 4895 10258 10231 5208 5402 7583 2772 10364 8797 10449 5616 10549 1413 5045 6258 10543 10565 143 
1 5 10258 10327 10377 10435 10543 
1 3 6489 143 10648 
3 15 8909 8212 9016 8741 2807 9171 1188 10243 6938 10321 10270 5471 2660 7898 10239 
3 3 10239 10215 8212 
3 7 8448 6393 9961 9972 1250 9917 188 
2 9 8448 7238 315 1658 9739 6920 1933 2795 188 
2 2 1658 5938 
2 4 10303 6278 10429 10493 
1 15 10303 10291 5205 10349 7978 372 3721 10513 10542 10493 10448 10402 5743 5462 10137 
1 5 10137 1446 10298 2625 10303 
1 2 5743 670 
1 4 10137 5015 10051 10030 
2 2 372 9019 
2 5 8820 6332 4394 1396 10628 
2 6 1396 6743 8768 4731 1016 10595 
2 4 1016 10647 5546 8820 
2 6 8820 10750 312 10747 178 10776 
1 9 312 10838 8766 10929 9077 10999 9076 11103 11099 
2 13 11363 11350 7505 5930 4624 11221 463 5049 8179 11411 11445 11479 6229 
2 12 7505 11202 2700 4373 902 6128 11035 349 10981 10914 747 9123 
2 4 11350 2829 11306 7411 
1 3 463 1155 11243 
1 2 9123 684 
1 4 11243 11199 425 11099 
1 2 10595 10648 
1 2 8768 10542 
4 3 11766 1170 2880 
4 8 11766 6378 6611 7475 6317 2397 2209 11786 
4 4 6611 1161 8102 11576 
4 9 11786 1744 11883 6228 6779 4683 3925 12046 4323 
3 2 1170 6719 
3 12 6228 9031 7740 3835 3766 11632 1484 3375 11471 4559 6944 7475 
2 3 2397 5934 11632 
2 2 12046 8878 
2 22 6944 11521 5849 114 11359 2491 6110 5567 11233 11268 6170 2773 31 8176 5501 11387 1493 11433 11422 11462 7714 11576 
1 3 11422 11401 11359 
1 2 5501 11295 
2 6 6779 1579 3628 12118 3690 5218 
1 11 5218 12026 2194 11974 6637 5084 11899 7594 11922 11958 3033 
1 5 11899 7494 5913 3865 11700 
1 5 11700 11659 7413 8067 8464 
1 10 5218 12181 12220 7831 1150 12201 2546 5586 9182 4892 
3 19 4923 10871 8483 10910 1682 4953 10811 604 10702 5571 1376 10758 4976 6707 10690 8018 2180 3737 10955 
2 3 10702 2500 9019 
3 4 4923 10874 10906 10955 
2 8 4923 4773 1436 11107 1268 4875 6463 11329 
2 7 10955 6390 11100 11128 6282 11239 11205 
2 4 11239 5654 11392 11437 
2 9 11329 11349 2735 7077 11437 11465 5438 7330 7896 
1 8 11205 11266 11291 3376 4291 11316 5333 5902 
2 4 5902 3899 11483 5482 
1 3 5333 2172 4291 
3 14 5482 11536 5620 8064 4928 11574 11527 4517 3576 1834 11532 792 11573 2524 
2 8 5482 470 11604 6072 9061 11695 5065 4928 
2 10 11695 11765 11794 7763 11882 5576 605 12006 12071 12104 
1 5 11695 11735 1988 11793 9062 
2 11 2524 1079 11781 11833 1566 9062 3596 8348 136 3142 12237 
2 3 3078 12972 3642 
1 5 3078 3180 12783 12736 3098 
2 5 3098 1914 12544 1130 6384 
1 9 6384 12397 1913 5517 6291 7081 12483 7676 12461 
1 13 6384 12362 4901 872 12332 8732 7412 8245 223 12392 5023 1785 12206 
3 9 2321 8811 4141 11464 2483 2505 5146 11351 5253 
3 10 13010 5840 2462 12864 12807 12759 8227 12717 12664 6331 
3 9 13010 209 3337 13194 1889 1638 6081 8156 13344 
3 5 12664 8477 12561 12495 12451 
1 12 12451 6382 12385 102 12265 12217 12212 12177 9130 484 12423 4780 
2 13 1889 5680 13189 13172 13160 13130 7430 5102 197 13036 788 13084 7523 
2 8 13344 617 8243 13432 481 13514 7632 13595 
2 3 13344 7025 5221 
2 15 12495 12486 33 7226 7671 1375 7560 1165 12613 6590 35 5100 12716 2527 4744 
1 3 13194 8040 6592 
1 3 12717 12696 261 
1 2 12237 102 
1 3 9130 12274 1785 
2 3 7632 13589 8883 
2 12 13848 8974 3134 3529 7751 7576 13746 3746 13722 13689 2981 8883 
1 6 13848 1648 13780 683 13738 716 
1 12 8883 960 2585 13577 4662 2504 13474 13441 13415 8967 239 4843 
3 16 5391 13395 7756 135 13431 5725 13501 5451 2862 2995 13412 13380 1073 13361 2752 13427 
2 2 13501 6125 
2 3 5725 1668 441 
2 4 441 13519 4176 13494 
3 7 5391 13340 13297 3315 98 1722 13188 
2 5 13188 3316 5988 2714 13023 
2 4 13188 13178 2274 13171 
2 13 5391 13348 2743 6638 1483 13313 4177 6941 9186 3783 13221 6739 13126 
2 6 13126 1947 3075 12966 7165 712 
1 10 4177 5949 13413 1408 5256 6083 4785 13586 13607 6418 
1 3 712 12750 4744 
1 3 6418 362 716 
4 8 12295 1720 2941 12059 2592 5588 8846 6698 
3 9 12059 3813 11993 3795 4488 12043 7396 11863 5260 
3 6 12043 12116 7607 6402 12200 7888 
2 5 11863 6395 11764 11694 11655 
2 4 11764 2769 4568 11799 
2 5 11799 202 3294 2248 6004 
3 5 7888 3425 329 12156 12162 
2 4 12162 12092 5939 2248 
2 5 12162 5013 6722 365 12383 
2 9 12162 12134 12144 12164 3469 12186 12234 383 12240 
1 7 1720 12260 4687 12251 6918 7731 7607 
3 5 6698 8290 8549 11526 11482 
2 4 12383 12382 6251 12446 
2 7 2524 1266 8609 3573 454 4461 3469 
2 4 12240 8250 6730 12237 
1 4 35 12538 8235 12446 
4 7 4372 1403 1133 943 10788 6980 8751 
4 16 8751 10908 643 6577 11089 2328 7440 2642 11282 6336 11362 1861 11286 11281 4692 4044 
3 6 11089 11134 803 11253 502 11286 
3 6 11362 11397 645 11480 11508 11482 
3 3 4044 6988 11482 
2 19 6988 3129 1915 3219 3735 11176 3669 11102 3351 11029 4072 9092 764 10924 5838 4985 7196 1126 1133 
2 9 6577 11041 11087 11072 229 11126 8394 11194 3735 
3 9 4372 3845 10574 10533 10466 10420 10389 2572 2547 
2 11 4985 3310 10708 7415 10600 4871 10484 5398 7959 8871 2547 
3 3 8549 541 6442 
3 5 2547 5477 9088 2138 10007 
4 2 7129 9547 
4 21 9547 9585 3082 9611 6942 9645 6591 1667 6505 7455 9738 9748 9706 6742 8142 9052 7584 1680 5851 8570 9603 
3 13 9547 5563 8867 7855 3876 544 9743 9742 4448 6568 9928 9978 10012 
3 11 10007 9969 9923 9877 1902 9812 8801 9794 9702 9660 9603 
3 8 7455 4815 9836 6450 1349 9992 10036 6927 
2 6 6927 3088 4999 1733 6425 5950 
2 2 1489 9088 
2 15 9987 10037 1489 6687 10211 10269 6523 10290 10238 8131 10168 7529 2675 4286 6927 
1 13 10238 10319 10374 6503 6289 3558 5708 10531 10476 3739 8017 10483 10524 
1 2 6483 10311 
2 8 6927 10098 2268 3055 7302 1008 10372 1083 
2 4 1083 10443 5678 10524 
3 11 9978 5570 3825 8972 7925 9940 2191 8001 7390 2670 6625 
2 3 10012 4769 8029 
2 12 6625 887 944 7323 10379 7065 4266 2939 4115 8030 10511 7 
2 9 6625 5268 7 3718 1912 4897 3061 10618 10666 
1 8 13171 5380 1823 13066 13022 3176 5282 2531 
2 7 11252 11251 11217 1241 3437 11092 9000 
2 12 11270 7938 11255 11208 11145 11092 9000 6668 5330 8631 2994 10770 
1 7 11270 6669 11357 11414 3461 11391 11325 
1 2 11255 2972 
1 6 11252 11232 6543 11181 1611 11125 
1 5 1611 4145 841 10940 8631 
2 6 1346 3073 11122 6263 3347 7678 
2 6 1346 4034 6648 6820 4531 11400 
1 5 11400 8613 4665 4596 7798 
1 5 11400 6560 4770 11345 8914 
1 4 7678 10991 10933 7621 
1 6 10991 4397 2064 4678 8807 4322 
2 6 3949 8690 1007 5349 11540 6056 
2 5 3949 5773 8193 3380 1365 
1 7 1007 5177 5504 5156 7642 1361 2897 
1 5 7642 8084 11915 2782 7335 
1 4 6056 104 7160 11326 
1 5 1365 11327 11297 11322 11326 
1 5 104 11415 11425 7463 7608 
1 4 11425 7247 2945 1550 
2 3 5667 2537 11323 
2 6 5667 11461 5538 11562 5646 1121 
1 9 5667 830 516 983 2398 11772 5491 7706 1121 
1 5 7335 2425 990 2959 11930 
1 3 11930 5047 11772 
1 3 7798 2412 1550 
3 7 461 1002 7006 6348 840 10998 10960 
3 6 461 11301 1724 5376 7540 6442 
3 5 10960 10901 3842 7118 10677 
2 14 3842 3626 6564 2853 1835 10756 2533 8183 10847 10900 10959 4715 2937 10894 
3 4 10894 10986 11049 11116 
2 3 10677 8015 3558 
2 6 10894 7179 2150 10712 1507 7890 
1 3 10712 8884 10589 
2 2 6348 11033 
1 4 10589 10530 6744 1083 
4 3 3485 3221 11907 
4 2 3485 3800 
4 4 3485 1136 11720 5574 
4 4 5574 11603 6909 11505 
3 7 3485 2722 4307 11886 3727 1622 9160 
3 2 1622 7296 
1 3 7296 11840 11790 
3 3 6909 7389 1696 
2 5 9160 8189 3775 11588 1696 
2 8 11505 2778 7342 4025 276 11653 277 1505 
3 3 3800 12036 3354 
2 4 11505 11472 7857 11357 
2 5 12432 5549 12305 7186 38 
2 4 5549 1523 12268 12243 
2 6 38 3837 12108 8392 12153 12173 
2 5 38 12291 2809 12377 8714 
1 5 8714 3552 2069 9148 12426 
1 6 12432 823 7499 3087 12683 12739 
3 4 6660 7979 6213 12300 
2 13 6660 7979 1574 669 12440 4797 1080 12591 4551 12616 5024 12635 12663 
3 8 12663 7982 5841 12770 2310 12889 2629 13032 
2 3 12889 12939 12893 
2 2 2310 3433 
2 7 12300 2701 12160 12225 8457 12270 4910 
1 5 8457 12199 493 12205 12175 
1 3 4910 6868 12205 
1 8 4797 8008 703 1180 4304 4326 12898 3176 
1 3 12898 12947 2531 
3 11 7570 13437 2846 13366 7954 2707 13327 1991 8433 417 13284 
2 5 417 6887 13211 219 7559 
1 4 7954 13280 7647 7559 
2 4 7559 1660 13101 5409 
2 3 1660 13075 13035 
1 5 7954 3968 13290 2147 3618 
2 2 3618 13227 
1 3 3618 9202 7752 
1 3 9202 2663 4534 
2 8 7570 2187 13430 4987 6703 1096 6881 13493 
1 3 4534 13403 1096 
1 5 13035 13006 12996 4934 2531 
2 4 8977 6670 2239 6486 
1 4 6486 13226 13260 4102 
1 4 13226 2973 847 13142 
1 2 847 1746 
1 4 1746 7438 122 13088 
1 4 6486 7088 8260 8516 
3 7 2637 8344 95 3716 2393 7373 8491 
2 2 7373 242 
2 4 8491 5912 2080 719 
2 6 242 1044 13364 8589 5534 13323 
1 9 2393 8404 6005 8218 13041 3391 4086 2580 13030 
2 4 2637 13030 7130 4723 
1 2 4723 8944 
1 3 4723 6311 6991 
2 3 8589 13343 8977 
2 3 719 5926 13542 
4 11 13928 9173 13864 2487 6602 7253 5166 13716 13680 8194 13667 
3 5 9173 13898 7543 13927 13940 
3 2 13667 13636 
4 2 13667 7685 
3 5 13636 4927 13591 399 13542 
2 4 13542 13570 1049 13584 
2 5 13584 6809 13597 2579 107 
3 3 13928 6233 8063 
2 5 6233 1350 13969 13940 6237 
2 4 6237 1983 13882 4727 
2 10 7685 3238 8430 3539 2378 13560 2330 13522 1921 8720 
1 6 2378 13538 6995 3755 5611 8589 
2 3 8720 13511 13493 
2 3 6267 13576 7371 
2 3 13576 3439 13644 
2 5 3439 13645 13626 13665 6182 
2 3 13626 2034 6267 
1 4 2034 8125 1572 13516 
1 8 13516 13481 595 13394 971 13310 3229 2015 
1 6 971 8508 13398 7361 2002 6267 
1 4 13516 8224 13444 2080 
4 8 11976 3008 11856 8635 7080 11671 5339 11525 
3 3 11856 3682 7775 
3 3 11671 485 8462 
3 13 11976 5342 691 11972 11987 1298 4982 11970 2676 11919 11991 4510 6236 
3 6 6236 12188 7282 6866 12285 12338 
3 12 12338 12390 354 12484 12488 12527 854 5059 8313 1216 12747 12703 
2 9 12390 12493 6790 1992 9170 7111 5759 2086 854 
2 3 5759 12542 12484 
3 7 854 2208 3103 8535 7472 12478 12431 
3 4 12703 5899 12595 3103 
2 11 12747 6882 1502 12917 12951 12873 12827 12785 6878 4792 8535 
2 5 12951 2764 13015 4290 8109 
2 7 12431 12350 1850 12343 12290 311 3354 
1 3 3354 12272 1287 
2 6 8462 6903 11777 7262 11857 11919 
1 4 6991 2562 12857 12785 
1 4 1287 12401 6833 12426 
2 5 13500 812 9141 13625 924 
1 4 812 13526 286 3814 
1 3 13500 1803 8735 
1 12 13500 6071 5032 8907 2128 13240 13167 4107 7049 8115 5112 12891 
1 9 5032 5497 3833 8427 4156 13217 13229 1544 13170 
3 26 14146 6863 14103 5977 14181 14141 14118 14099 8888 14067 14072 671 14140 871 6047 1095 8380 7536 14190 468 8311 1967 14330 14381 4111 14502 
2 7 14381 14367 5556 3023 14337 14290 14284 
1 6 3023 14397 2723 14451 8086 3324 
1 4 14502 14476 4343 4283 
1 4 5556 7999 6075 14530 
1 2 8888 581 
1 3 14067 14026 3326 
1 16 14067 896 13989 13992 4853 13893 13886 2703 13918 13896 1467 13996 3637 14056 14096 8380 
1 4 2703 2821 13997 6151 
2 7 1326 14017 6048 8638 4324 13869 1391 
1 5 1391 384 5352 1999 3250 
1 4 1391 1936 8315 569 
1 7 1326 14084 14132 4856 14209 8413 14284 
1 8 6048 13917 3653 4340 4716 3844 1740 6481 
3 17 96 15104 15081 3470 4574 15002 1284 2424 8922 878 4555 3462 1393 3132 14804 3127 14729 
2 6 1284 14934 4608 6892 8299 14858 
2 7 3127 14778 632 14730 4952 14672 4280 
2 14 3462 14962 1071 14957 6673 3616 14844 1477 14864 14908 14956 14985 15010 15041 
3 12 14729 1567 14649 54 306 14509 1495 9082 14368 6439 4607 14249 
2 9 14729 4562 2570 2311 3650 8445 512 14631 1417 
2 6 512 6861 338 5525 14433 14377 
1 6 14377 14332 3095 14340 14385 8066 
1 3 8066 5731 4283 
2 4 14249 6061 14195 14146 
1 13 14195 6715 41 14317 2095 14442 7575 4301 856 14331 8504 5363 14377 
1 9 14864 1561 995 828 14780 8628 14831 14826 7485 
1 5 1417 14695 7695 2347 828 
2 5 15300 7480 3752 4506 578 
3 11 15174 15190 15205 1592 2132 6983 15270 15279 578 710 15307 
2 4 15300 15288 3430 1592 
2 2 3752 8964 
2 5 15300 6172 4643 15343 1927 
2 11 8284 15172 5444 9194 8362 4172 15169 5370 3197 15155 15174 
2 6 8362 646 15222 9049 3936 15282 
2 8 15172 7322 173 15232 15245 6800 3480 15274 
2 10 3480 8182 15294 6939 6008 15261 4217 15239 4548 3936 
1 6 15222 5202 15204 8640 116 15174 
1 2 15172 2781 
1 8 15282 15273 15283 1420 5263 8643 5235 4643 
2 5 15155 4743 9150 4331 15104 
1 5 8284 5569 15060 15023 1071 
3 9 8092 3764 6906 1862 15017 15027 4980 15022 8025 
3 7 8025 14980 5319 674 6225 6184 15122 
2 6 8092 14816 3832 14733 7067 2027 
2 11 674 5580 8328 4012 15160 4463 3656 30 15100 7697 1862 
2 15 7697 5531 8090 9198 15128 15090 3163 15008 7837 8490 14883 7821 8753 4201 8092 
1 3 3163 4106 5531 
1 3 8490 4825 5006 
2 8 15122 4850 15135 8512 15072 6829 7904 14947 
1 3 4850 15176 594 
1 8 8512 2698 3451 1873 4205 7807 6165 15004 
1 7 674 4060 14927 3915 4932 4195 7904 
2 6 14947 5127 14843 14809 7565 1704 
2 7 14980 14942 14890 1726 14799 7512 2431 
1 5 2431 14619 2103 994 14479 
2 10 1704 5372 8272 3256 1029 4519 14528 3803 1213 14479 
1 4 1704 14745 2119 4056 
1 4 2027 6006 4095 2431 
1 8 2027 4265 14600 14556 14526 14474 3491 1226 
1 9 14479 2117 4308 14466 6605 14374 14320 14244 14203 
1 4 1226 2136 3185 14203 
1 5 14556 568 14610 14651 14694 
1 6 15004 1916 14915 3843 4707 7485 
1 5 14528 4204 14467 14422 3324 
2 19 980 280 8951 13771 1382 1940 13766 3713 6427 13630 523 3935 13521 13471 86 6153 3010 1337 5510 
1 4 3935 8993 964 4741 
2 5 3010 8642 2165 7458 5510 
2 4 5510 476 13282 631 
2 8 13060 3120 12936 2521 12976 1659 5447 210 
2 3 210 13095 13060 
1 3 13095 1448 13133 
2 2 210 1181 
1 4 1448 1054 6884 5844 
1 2 6884 9021 
1 2 1054 987 
2 4 1181 3970 5243 7058 
1 2 13133 3970 
1 4 210 1303 7636 631 
1 9 5844 12897 8842 12931 543 4131 13005 1186 3799 
1 2 4131 355 
3 13 12076 12152 7100 8411 3748 12193 5613 406 6484 5419 5790 12400 59 
3 6 59 8423 12504 3998 350 12503 
1 17 350 4168 12645 4729 12702 4006 12766 3245 12843 5393 12884 12818 3215 12765 12713 12709 8992 
2 9 8992 3493 12619 12578 12534 4858 12372 5108 7100 
2 8 12076 1903 12227 12203 8647 12280 8159 2763 
1 7 2763 12389 1432 1753 1460 410 12665 
1 11 12665 12627 12594 12573 2758 466 12419 1196 12299 2295 12179 
2 8 2295 12167 12140 7123 12018 45 2235 7172 
2 10 2235 11936 9014 313 4942 8661 11855 11788 3808 3329 
1 6 4942 12010 12063 3321 12191 12267 
2 3 12943 12868 355 
1 6 12868 2170 8580 1791 12607 12564 
1 5 12564 2022 12436 7461 12310 
1 7 12564 1777 12571 12593 12554 12551 12524 
1 8 12564 12600 3894 7154 12606 3475 12669 12690 
1 3 12524 12526 466 
1 2 12310 12267 
1 2 12943 5460 
2 4 13587 1059 67 13533 
1 11 13587 7054 1058 2931 8071 294 5997 13445 50 13497 3443 
1 8 3443 3850 13417 1355 6976 1218 353 13205 
1 7 13205 13157 5827 1624 12859 7133 12769 
1 12 12769 3990 12895 12867 919 12896 4657 483 12989 12993 5719 5460 
1 3 5460 6252 1116 
1 8 1116 13097 14 858 1070 13321 13359 1400 
1 4 1400 13419 5201 13533 
1 2 3799 1116 
1 2 7133 5277 
1 2 13263 353 
1 2 3850 6680 
2 4 11729 11775 11740 11876 
1 6 11876 11946 3909 2271 12158 12224 
1 7 12224 4160 12238 1644 2037 12242 695 
1 6 11729 8415 7033 11945 5619 1248 
1 4 1248 12107 7993 3533 
1 3 695 12241 7993 
1 8 12769 12731 7900 938 12518 304 12353 695 
1 9 3533 482 12233 28 12208 8760 6656 12357 12412 
4 10 11707 11718 5139 213 5154 7219 164 11638 8806 11557 
3 2 5139 4213 
3 10 11557 5203 5114 11697 11667 2316 11668 992 3665 11729 
3 19 12522 12470 12425 2844 12309 7150 12247 7513 12223 2802 3488 12039 5078 11881 11935 4614 11892 4725 11707 
2 5 12039 6157 1869 6492 8188 
2 2 7513 6492 
3 3 7219 11808 1109 
2 17 11892 11950 78 1635 12190 12255 4456 4045 12379 3207 6017 1817 12550 5355 12650 1307 12522 
2 5 12255 12226 5741 8262 2802 
1 4 12255 7897 1050 12412 
2 3 12650 770 5880 
1 3 11740 11748 3329 
2 14 770 7028 956 2087 12866 3658 4766 12957 5170 4178 4541 1258 13109 236 
1 10 236 8537 13029 12985 12911 12846 5144 201 8254 5277 
1 3 236 13140 13205 
2 9 5880 6975 12825 12824 12876 12954 5522 13108 8100 
3 5 8100 13179 13214 838 13274 
1 17 13179 6080 7922 6086 13197 7839 3820 13215 981 13258 1689 13304 5434 13279 8870 5160 13228 
2 6 13228 2969 13286 13317 13281 13263 
1 4 13228 1786 6692 1258 
3 5 7096 7551 13706 4925 8141 
2 10 8141 92 13553 4664 13495 859 13433 4432 13358 13332 
2 2 4925 655 
1 20 7096 4077 13707 2370 13701 923 3165 13647 7808 13613 6600 4777 7795 13685 4854 5428 1555 1481 13601 2395 
1 8 3165 13632 676 4194 13498 13426 2564 13465 
2 5 2395 6575 13569 6494 6680 
1 3 13601 4990 392 
1 5 6680 13416 4688 2507 6134 
1 2 6134 13317 
2 2 13569 3266 
1 6 14169 3020 4717 14238 6844 14264 
1 4 4717 14329 1451 14323 
3 11 3348 13946 13908 2654 2934 1488 2799 1038 14000 666 14087 
2 9 14087 14155 4601 8493 6709 5830 14305 5245 14299 
2 5 5245 14224 5860 1354 14151 
2 8 2934 6019 2185 5679 7643 13782 13743 7096 
2 6 14000 6832 13921 1996 5825 7643 
2 8 3348 13883 1340 5249 13777 13744 7546 923 
3 8 3348 14009 1472 1639 14144 6359 3026 14205 
2 6 1488 2304 14042 4413 6757 14205 
1 8 14205 8840 14215 7492 7183 772 5075 6709 
3 10 3348 13905 5591 13850 13809 5436 13749 13731 13713 7229 
2 2 7229 5428 
2 3 7229 13757 13758 
2 4 13758 7819 13853 9033 
2 7 5436 13783 13805 1131 8521 6686 13853 
2 10 13850 194 7988 13941 6643 14002 8449 741 6471 13853 
1 6 9033 7618 2303 13923 13970 3058 
1 2 13970 741 
2 11 13833 1796 13747 2198 13705 13691 2085 13599 1641 6777 1342 
1 2 1641 13600 
2 6 4453 793 5692 13977 3875 13945 
2 6 793 13950 13906 967 2070 3797 
1 7 3797 7489 2149 1220 2222 3076 4037 
1 7 3797 13767 8489 2812 13727 6186 6528 
1 3 50 4631 2010 
2 4 2010 8459 13579 3266 
2 3 2010 13609 13639 
1 5 13639 3518 7759 8778 2771 
1 4 8778 8077 13687 3689 
1 3 13639 4526 5635 
1 3 3518 13686 13725 
1 2 8459 5734 
2 7 1514 2122 14097 4171 8087 14043 3547 
1 8 3547 13995 5551 13972 13930 5085 13862 13834 
1 3 13930 4040 5300 
1 6 13834 4535 13775 4353 13726 3689 
1 4 13834 125 13754 5903 
1 7 13834 1089 1515 6030 13826 3525 891 
2 5 6279 14239 14283 6477 14396 
2 6 6279 14184 14223 547 6452 7562 
2 4 6279 14148 974 3547 
1 4 14396 6321 14336 4042 
2 5 4870 6193 14420 2855 7868 
2 8 4870 456 14583 4567 14650 14697 8167 14785 
1 5 7868 2406 14522 1311 8013 
1 4 8013 14560 2779 14496 
1 5 8013 4489 14678 1051 4410 
1 5 4870 3561 14440 5974 6321 
1 3 7562 6385 3996 
3 3 1491 14537 1457 
2 6 1491 909 5157 14499 1416 14500 
2 8 14500 2308 14516 14551 14517 3341 14518 3790 
1 2 14517 3478 
1 4 14551 14597 4316 7457 
2 7 1491 7370 14457 14444 6518 7060 7562 
1 6 1457 5360 14575 9189 6417 8461 
1 9 14761 2843 3802 977 14902 4736 14972 2287 6260 
1 6 14761 1820 9110 7446 14627 1457 
1 8 14722 14715 291 14691 4972 3496 14629 4567 
1 4 291 14608 14570 14498 
2 7 14722 14754 5526 14856 14896 7032 14958 
1 3 14958 2692 14988 
1 3 14988 8307 14958 
1 4 5526 3299 7625 696 
1 2 14597 2733 
3 8 15206 7797 1171 6553 8033 899 6496 3466 
1 3 899 15125 15128 
2 3 3466 409 15003 
2 5 15003 7257 14991 14996 15035 
2 3 15035 1429 15084 
1 8 409 6968 7036 9041 5543 622 14679 2733 
1 4 5543 14738 14719 4829 
1 5 2733 3710 14725 14775 7265 
3 6 15354 15352 15360 6710 4161 4101 
2 11 15360 15368 4529 15392 4549 15391 984 602 5123 7465 8829 
1 3 4529 4020 3025 
1 6 3025 131 5795 15419 8681 7465 
2 4 2505 11369 1584 11303 
2 3 11351 1282 4405 
4 5 15200 15208 15504 6104 5310 
4 14 15200 15167 3961 2137 488 941 15151 6067 15158 1577 9059 1205 15215 15234 
4 14 14813 9026 7547 3280 5425 14969 2441 2854 15089 459 3617 15163 15149 3961 
3 6 5310 363 15315 7692 7893 7991 
2 8 7991 15310 15301 6069 7421 15241 15243 6905 
3 12 7991 9074 886 8791 15347 4712 5883 15369 7435 15393 3948 15394 
2 10 7692 1331 3288 15365 883 4960 3611 7092 15363 4712 
2 11 15394 1296 8553 4689 5745 1263 4690 15417 15409 5266 15396 
2 4 1296 4214 15424 3608 
3 3 6067 1780 7337 
3 12 14813 6647 2653 6198 14626 6132 1441 14549 3314 73 1173 5830 
2 5 6198 8905 8928 14513 8022 
2 9 8022 8897 14372 14362 4121 14435 4055 14512 14549 
2 3 14362 3979 7492 
2 13 9026 2482 14791 1386 1177 185 5448 14711 14769 14814 4615 14900 5425 
2 3 185 14632 8905 
3 7 2137 961 15012 6003 2338 5906 14825 
2 6 2854 4754 4791 7620 4071 6003 
1 4 14825 2290 2751 14711 
2 4 14825 7423 3122 4410 
2 8 4410 2262 14615 6073 7545 14529 14495 5553 
2 5 6003 755 14820 308 4410 
2 3 15012 7788 5175 
3 6 9059 1700 15087 15057 3411 6202 
2 5 6202 43 14855 5712 14785 
3 7 15234 15229 831 2241 3081 15159 15145 
2 10 3081 15127 4053 2881 15020 837 14912 14926 14913 696 
1 3 3411 1619 15020 
1 5 14855 14818 8480 14837 14820 
3 5 15145 15179 15196 2465 15238 
4 15 15366 8925 15359 8703 3841 4139 15367 5940 15345 15331 1138 15339 6055 15309 15299 
2 4 15238 5417 4164 5559 
3 5 15238 644 6705 15280 15266 
2 5 15145 2074 15146 346 6187 
2 5 346 7105 6401 15025 14988 
3 11 15266 7001 15217 7481 15191 533 15220 2555 9097 15216 15221 
3 5 15221 15244 5231 15286 15299 
3 3 2555 4698 15152 
3 7 15168 15164 5885 1113 3079 1276 15221 
2 9 15359 1554 8721 8168 5808 15410 8881 3754 7258 
3 5 15367 15377 3318 15413 4409 
1 5 8721 7341 8926 15412 4409 
3 10 15168 3821 2985 15231 2345 15281 8363 494 6969 4067 
2 14 15299 436 15311 238 15333 7996 8229 1859 2228 15336 3069 15337 3805 4067 
3 6 4067 6436 34 15298 2753 8288 
2 7 8288 6874 3991 15240 7085 15228 7797 
2 7 15337 5124 3057 8582 3655 8039 8420 
2 5 7996 15355 15362 2343 6943 
1 3 3655 15401 984 
1 5 15337 5987 5454 15342 4161 
2 4 5885 4771 9126 15084 
1 4 6236 2217 8844 6484 
4 10 11670 11761 4547 11682 11652 9038 11669 8487 11703 11751 
3 14 11670 2755 11493 11447 11404 5863 5418 11174 11106 11061 1610 8586 7379 391 
3 7 11174 537 11157 7061 1847 8410 7848 
3 8 11669 1814 7616 1405 8689 8371 6836 6772 
2 6 1847 5287 802 3484 11304 5416 
3 8 6772 5416 11250 9040 11124 1951 3939 10890 
2 4 10890 8073 3308 9039 
2 10 7379 3356 10790 10779 10807 10806 1562 5673 8452 9039 
3 11 11751 8620 11760 1134 7216 668 11688 6534 2434 1358 23 
2 11 6772 8381 8578 2097 11492 3159 11565 8438 2358 11534 23 
2 3 23 89 11605 
2 4 23 11512 3359 11402 
2 8 11402 6533 8734 7225 2517 2530 6078 11155 
1 3 11155 4041 7557 
2 10 6772 1778 2964 11241 24 1336 11224 8947 7250 6533 
2 11 7225 4685 2815 3870 11025 6538 2402 8137 3263 10829 10860 
2 6 10890 1104 2982 636 8239 6538 
4 6 10022 4962 6299 10233 10310 5877 
3 3 10022 3623 9937 
3 7 4962 10081 10101 4346 7484 8836 10396 
3 9 10396 2494 3044 1976 52 10605 10611 3 10716 
3 7 5877 10418 10394 6421 10522 4152 10593 
4 7 4068 8238 4401 9871 9850 1207 2242 
3 11 4068 6816 1634 6093 8425 9768 781 6784 6391 5983 9916 
2 2 9871 9914 
3 11 2242 1353 8923 2081 2711 5058 6001 10097 10149 10126 4333 
2 7 9916 7803 9985 3390 10055 6885 4333 
3 4 4333 7038 10257 4728 
3 7 2242 10035 2025 10208 1752 10302 1385 
2 7 1752 10237 6919 556 10217 10164 5058 
2 3 9850 8062 781 
3 8 4152 10510 1264 10539 7240 4078 10441 1385 
1 2 7240 2817 
2 8 1385 4464 10387 10424 10393 6557 8624 819 
3 8 1199 128 9187 10480 80 10564 8607 6118 
2 10 6118 10502 2947 10423 9035 8455 4421 10343 10296 4728 
2 5 819 1715 10395 8784 4421 
2 11 6118 2199 6597 6364 2878 6632 10657 10610 1792 1743 819 
2 11 1199 128 10652 2403 4110 10881 7722 6167 10893 1650 10860 
1 6 1650 4646 10715 7039 6070 6118 
2 4 391 6700 1640 10716 
1 8 607 9767 9770 1968 3004 9841 6718 9916 
1 7 607 6596 8832 1100 5655 8312 6885 
1 12 781 2720 9817 397 9733 1735 9622 1219 9539 3592 2485 3009 
1 3 3592 1666 7471 
1 7 3009 5843 3410 9458 6255 9536 2914 
2 6 9380 9372 9384 1184 9351 565 
1 6 9380 692 7574 9389 5736 9397 
1 4 9397 8695 2463 429 
1 11 565 9348 3094 9388 1152 2921 9457 1558 9549 2234 1115 
1 5 9380 7128 5815 9512 7074 
2 5 10604 6653 5990 7424 4954 
2 6 10604 10553 10488 1189 3791 4911 
2 9 4911 2953 7403 10405 6542 10329 10345 5359 7892 
1 7 7051 1378 84 5641 10136 5452 7892 
1 6 5641 10108 4295 7181 10089 2520 
1 3 5359 5803 2947 
1 10 7313 737 9368 4852 9358 570 4357 5633 2497 515 
1 17 7313 2713 3463 1019 1522 9480 9511 3703 5463 8819 2871 9621 5878 5239 9775 9809 26 
2 4 6114 6853 7834 162 
1 6 6114 472 1399 9273 2098 9165 
1 14 6114 9302 2154 3016 3040 9308 7525 3836 9305 6935 9304 6077 8799 8192 
2 7 9366 8120 7445 9419 9447 9486 4757 
1 8 5297 2320 6431 7163 1764 6327 9362 9366 
1 8 4757 9545 9594 6948 8333 2566 566 9886 
4 11 10455 10459 10404 7951 7349 10621 10644 3042 10725 5141 10681 
4 11 10455 3141 10536 10555 4339 8122 10537 3047 10500 647 10579 
2 5 647 8694 10645 10711 10686 
3 8 10579 10626 10672 3944 1548 10813 8517 10818 
2 3 3944 10782 10828 
2 5 10818 10769 7230 7573 10613 
2 3 10613 4583 5990 
2 13 10613 1066 1925 777 5227 10335 1962 10391 10451 10501 7502 10563 10579 
2 2 10501 10556 
2 5 10500 10446 10385 2890 5191 
1 5 5191 9027 2344 4532 10335 
3 8 1871 10095 10172 4733 5893 10301 10339 10404 
3 6 10301 5103 3030 10087 6913 7299 
1 4 7299 6478 5994 9886 
1 2 162 7313 
1 6 7299 7660 3404 6469 10080 1725 
3 5 3042 8358 8554 3604 7329 
3 6 7329 1292 2195 10978 7231 11173 
2 8 10978 10958 11012 3035 5598 10843 903 3042 
2 3 11012 9091 1711 
3 12 11173 3389 11153 3514 4677 10990 3096 10946 1849 10857 6678 7279 
3 8 10621 8101 10591 5662 7011 3216 6133 10732 
2 4 7329 10786 10706 6133 
2 5 10732 7200 10724 6851 4679 
2 7 7011 2589 10487 2927 10507 2379 8324 
2 3 4679 1717 8324 
1 4 8324 10486 246 1965 
1 7 1871 10116 10155 7027 6025 10255 5191 
2 3 10857 4418 7200 
2 7 9108 2872 9313 3575 2556 6551 2401 
1 4 9108 756 8761 9025 
1 5 9108 9335 7587 5014 9361 
2 8 9361 9353 1192 6223 5802 4348 2731 6733 
2 8 6733 6066 9552 8588 3994 2163 9636 9609 
1 12 6733 9575 9614 99 9708 7971 4975 2253 3777 9931 9982 8684 
1 5 1356 8225 10235 10306 10358 
1 6 1356 10050 8332 7998 10086 10057 
1 2 10057 8684 
2 12 10567 2273 2458 3959 3492 8069 10381 3409 6676 9071 4105 10119 
2 8 10567 10580 10597 10624 3639 8945 1657 8293 
2 18 10119 5835 10227 5604 10333 6911 8484 10371 8209 5353 531 10469 10528 5289 3840 10590 3302 10616 
1 3 1965 10535 3302 
1 6 8293 7410 10768 10736 8861 2827 
1 4 2827 5280 7724 8317 
1 4 6911 5626 10506 8317 
1 10 7810 11127 11082 6337 298 7771 10932 10937 10964 11006 
3 8 7810 11119 11058 11064 11030 4471 3878 10944 
1 5 10944 8602 4374 6683 2427 
2 8 7810 7895 6018 1599 6334 2571 11249 2427 
1 6 4374 11114 3657 5564 7372 11288 
2 6 2427 3757 8805 4462 3882 11288 
1 5 2427 1053 11382 7593 292 
2 15 10944 4536 5387 4591 10921 10965 11023 4196 6513 2226 1843 4367 10950 5955 10904 
1 5 11288 3123 11166 2784 6513 
1 5 11288 536 11335 11368 11408 
1 3 4367 8781 11168 
1 3 10358 8843 10357 
1 3 10944 6613 10826 
3 11 5862 1139 8711 11933 6603 4651 2979 11979 3528 8139 11900 
2 4 11900 11835 9147 5870 
3 14 5862 12098 12075 8724 600 5615 5259 6615 5959 2461 11691 2227 5760 11586 
2 6 11586 2912 11506 11459 9036 11408 
1 3 11900 11866 11918 
2 5 11918 4345 8471 2028 5927 
1 3 8471 11757 11712 
2 7 5927 2140 11633 11646 5133 8283 4719 
2 5 8409 6908 9489 576 8965 
1 6 576 1790 9562 3279 8118 3823 
2 8 8965 8958 9665 1456 3172 1597 9890 9912 
1 12 8958 6869 2659 7497 9762 606 9823 5592 9967 5004 5813 9971 
1 2 6124 7380 
4 20 9672 8902 9605 9561 7815 8803 6201 714 7022 8611 9646 9634 9604 364 2382 4793 2332 5503 351 9425 
3 13 9561 9534 4814 8370 8796 3499 9386 9371 9369 2110 4718 599 8016 
3 8 9425 8322 1699 2894 9355 3971 9344 8016 
2 7 8016 9385 9406 9434 9466 6259 364 
2 3 2332 9470 6160 
3 15 3499 9394 6725 2529 2277 8543 3089 9569 9550 9580 9619 637 9667 9678 8902 
2 8 3089 2766 9532 9518 4481 9587 2129 7611 
3 5 637 8432 6499 5658 2129 
3 7 7611 9673 9635 2263 5051 7730 3823 
2 12 7611 1795 268 5781 9799 5539 6843 3143 8138 9798 9761 637 
2 9 5539 9910 3090 1807 10046 7919 10203 6183 6124 
2 9 268 929 6618 2867 9727 77 5248 2156 3823 
3 4 1234 1938 1675 6095 
3 3 1675 11800 4708 
2 5 6095 1024 5298 9067 4011 
2 6 4708 7045 1462 8873 6569 12213 
2 8 1234 1583 561 3313 6982 12022 5187 8873 
2 3 118 11602 11547 
2 6 10642 10636 6106 930 10816 1570 
3 12 10635 10682 10680 881 10659 2790 10551 10489 2948 8984 10337 10267 
3 13 10635 10688 5420 7877 5346 10505 10444 2949 326 5323 10436 4495 6154 
2 12 6154 4447 1748 6871 10175 10118 2300 10115 10141 10183 4175 10267 
2 2 4175 10182 
2 6 1748 7188 1633 890 4557 10267 
2 5 5323 4540 7190 6735 10825 
2 9 10688 8426 10855 10824 10851 7569 7243 10859 10825 
2 5 4540 6527 2057 3511 7877 
3 3 2302 6900 6082 
4 14 2302 1575 11318 11273 11215 538 11104 11130 11077 8833 10972 81 10911 8831 
4 11 11549 11502 8985 7255 3654 8463 11331 11330 4148 9168 2302 
3 6 6808 10796 4732 10789 10854 8831 
3 6 6808 2171 10935 8440 11057 11063 
3 11 538 11131 8091 6582 11094 11113 11151 11196 11183 6672 11063 
3 9 11063 4491 200 8608 11207 5457 2355 11296 5082 
2 5 11502 11467 11438 111 5082 
2 7 11063 3147 10957 5209 10927 10898 10855 
2 3 6808 133 10659 
2 13 5457 5226 11216 9083 707 9072 4392 8775 156 11016 3945 10985 10927 
2 7 11549 11543 6208 1839 3548 11537 11563 
2 7 5082 8303 2631 1242 728 6367 4955 
3 6 7930 4680 19 316 11476 4955 
3 8 7930 11732 11739 3209 7858 11880 330 2788 
1 8 3209 11705 8886 11601 7104 2951 11550 19 
1 4 11880 8232 1473 1906 
2 6 2788 8221 12000 11944 3694 1906 
2 3 2788 1678 12236 
2 3 11732 3270 11914 
2 7 7964 4365 12592 4377 12558 12536 467 
1 10 13213 2326 13176 8240 13107 8499 12988 12941 877 8289 
1 8 13213 3620 2636 13190 8437 13243 2684 8088 
1 10 8088 495 13239 4639 2454 13114 4710 12984 386 12907 
3 10 4431 12844 12894 12919 9053 678 6950 8798 7149 7718 
2 4 7149 100 6537 6998 
3 7 9053 12880 12952 13001 6998 13059 13077 
3 4 4431 1864 5887 12809 
3 13 12809 1033 12982 4556 7362 13112 6415 13196 8792 7436 2540 3580 13362 
2 11 6998 6312 2514 13128 975 13162 4460 1252 13265 13269 2540 
2 3 12894 743 2433 
2 4 7362 13070 1571 8715 
1 4 13362 9204 6922 13469 
2 2 7718 1471 
1 4 8798 12700 805 7964 
4 8 4406 14833 985 14773 8070 14743 9111 14669 
4 17 4406 2548 1082 6910 14724 14688 3905 6693 3418 14521 14460 14416 14361 14311 14256 4820 6858 
4 7 6858 4956 7598 7017 1825 4764 14194 
3 8 14460 5874 14471 4024 14360 3268 9 4956 
3 6 14194 8864 8460 1494 5072 14511 
3 10 1825 1430 6476 5314 3891 14426 1529 661 14535 5072 
3 3 6476 4244 9 
3 4 14511 688 4166 14669 
3 4 8070 8879 369 6910 
3 7 1529 14449 3396 8349 6041 4920 3905 
3 15 14511 2436 552 14663 7280 233 2380 14759 4470 8228 7233 14879 14911 14925 14945 
2 5 14911 7350 6726 8465 2652 
3 10 14879 5535 7191 14708 4569 14654 14613 1158 14565 14534 
2 8 14534 14490 782 6490 8361 3692 2680 9167 
3 8 9167 14232 1160 7633 14047 1613 2980 8971 
3 7 8971 3252 13932 1318 7358 13812 13776 
2 11 552 14587 14569 2975 5774 6373 3208 4527 4001 8654 14534 
2 11 3208 7809 14404 1048 7452 14314 988 14310 4250 8196 8460 
2 4 4250 3886 4378 955 
3 10 227 4235 3017 14005 14048 14090 3049 955 14180 14194 
2 8 3017 4909 562 5866 4091 6053 13845 227 
2 12 14090 14112 14166 876 14165 5666 14186 7997 14179 14143 14177 3692 
2 7 14143 14086 14071 14029 13983 13944 9180 
1 11 9180 2893 3549 1459 6051 13980 2173 14062 3707 14127 5666 
1 6 227 13899 8544 13912 13957 13980 
2 12 3252 13982 2593 6627 13933 13902 8191 13832 13797 6774 8186 8603 
2 7 13776 7823 2333 5740 130 4635 6774 
1 3 13933 252 13983 
3 4 6387 1449 1026 7270 
2 2 8211 13617 
2 8 6387 13482 3054 2622 5130 13368 4628 13367 
2 10 13832 13813 7844 7277 8980 13663 6805 2417 13604 2818 
1 5 7270 5441 6092 4130 6805 
2 8 1449 13578 13605 13642 13678 4986 13723 4238 
1 5 4238 8540 13840 6320 1459 
2 5 8211 2146 13654 13646 13678 
2 6 13678 5341 13736 13774 3200 227 
1 6 7270 5325 3107 13531 13507 13469 
4 8 800 15045 658 15024 14979 6507 4592 8195 
4 17 800 8111 15103 8809 2750 15102 1989 15137 3458 2364 15044 15005 14976 4621 630 5284 8195 
3 4 2750 8754 1289 630 
3 16 14765 14790 3846 649 14811 8545 6778 14827 5924 6990 1243 4320 14845 1594 14898 3453 
3 3 1243 8813 14698 
3 4 6778 6641 7634 15036 
2 10 14712 6288 14620 14596 14576 6060 2446 14493 4830 6217 
3 10 4783 13890 4031 4479 7134 13934 1206 13915 580 13994 
2 8 13994 14008 4138 9045 5283 2411 2875 6217 
2 7 2411 14217 3295 14110 4277 2455 4783 
1 15 3295 14218 3338 1698 7468 14459 14515 14607 14642 14681 14713 5634 14782 14803 1594 
1 6 14698 14648 14606 370 4173 4830 
1 5 14648 3202 4801 1486 14607 
2 4 6217 1324 14406 5914 
2 3 14712 3140 14765 
2 7 4783 7053 8009 13879 4751 3714 14031 
1 10 14031 331 14123 14178 14221 4208 14302 2534 7004 7468 
1 6 14123 14116 8555 14120 6804 14110 
1 8 3453 14999 9058 5442 5516 7683 15166 2950 
1 2 9064 5516 
2 8 3453 4478 2848 5833 14899 14948 949 15029 
2 5 14899 14852 787 14796 504 
1 5 504 14746 14756 7947 14784 
1 9 15029 15030 15018 9079 14982 2864 6787 15019 15055 
3 9 1756 2396 15095 15126 15131 15153 4475 64 7654 
2 16 1756 2396 15095 5347 15031 8780 14939 9136 8547 3597 14928 14894 14861 7516 14860 14853 
1 8 15055 15054 2709 15119 7554 7881 8595 438 
2 5 15055 3369 2662 15115 15131 
1 5 14853 5306 14768 14728 14753 
1 7 8780 4558 8591 2215 14987 6459 15055 
1 5 2679 14304 14293 7739 14308 
3 5 1628 498 3317 7291 8419 
2 6 8419 7957 13975 1882 8357 13866 
2 7 1628 3881 7994 2803 4586 2587 1606 
2 5 7994 13851 13831 7114 420 
1 5 7114 13815 3956 7684 13670 
2 5 498 14082 14142 4739 14261 
2 5 7291 8169 14160 4619 4739 
1 3 14261 6545 14193 
2 11 8419 2000 14163 5582 14260 7745 14358 14403 6752 4921 14481 
1 7 14261 14292 3006 3724 5612 8451 6752 
1 3 14481 2916 51 
1 6 6752 8502 786 14601 7392 14591 
3 8 8032 14602 14637 14653 14667 2419 14563 2237 
3 9 8032 9043 14488 14439 14387 14333 14288 1727 14308 
3 4 14288 2602 1685 14079 
2 6 2237 14470 6329 6275 14321 14333 
2 4 15139 15092 813 7377 
1 5 7377 4032 15068 4492 8719 
