1 26 
1 37 
1 38 
1 59 
1 78 
1 96 
1 197 
1 227 
1 236 
1 242 
1 292 
1 415 
1 461 
1 504 
1 516 
1 523 
1 531 
1 538 
1 607 
1 637 
1 696 
1 712 
1 800 
1 840 
1 923 
1 924 
1 971 
1 980 
1 984 
1 992 
1 1059 
1 1073 
1 1083 
1 1116 
1 1121 
1 1133 
1 1226 
1 1234 
1 1248 
1 1284 
1 1326 
1 1346 
1 1356 
1 1365 
1 1381 
1 1385 
1 1391 
1 1401 
1 1413 
1 1416 
1 1417 
1 1436 
1 1441 
1 1457 
1 1491 
1 1514 
1 1529 
1 1588 
1 1606 
1 1627 
1 1628 
1 1704 
1 1871 
1 1886 
1 1891 
1 1930 
1 1989 
1 2010 
1 2180 
1 2237 
1 2277 
1 2302 
1 2401 
1 2524 
1 2531 
1 2546 
1 2577 
1 2637 
1 2733 
1 2763 
1 2772 
1 2788 
1 2802 
1 2914 
1 2921 
1 2934 
1 3009 
1 3023 
1 3033 
1 3078 
1 3208 
1 3309 
1 3348 
1 3385 
1 3443 
1 3453 
1 3466 
1 3469 
1 3485 
1 3547 
1 3558 
1 3618 
1 3732 
1 3790 
1 3797 
1 3808 
1 3823 
1 3944 
1 3949 
1 4044 
1 4067 
1 4068 
1 4141 
1 4172 
1 4238 
1 4323 
1 4357 
1 4372 
1 4409 
1 4662 
1 4708 
1 4723 
1 4728 
1 4735 
1 4741 
1 4757 
1 4843 
1 4870 
1 4885 
1 4892 
1 4910 
1 4911 
1 4923 
1 4942 
1 4955 
1 4975 
1 4985 
1 5082 
1 5092 
1 5218 
1 5221 
1 5245 
1 5260 
1 5277 
1 5297 
1 5334 
1 5391 
1 5398 
1 5482 
1 5510 
1 5539 
1 5588 
1 5606 
1 5666 
1 5667 
1 5844 
1 5862 
1 5880 
1 5890 
1 5902 
1 6003 
1 6004 
1 6056 
1 6095 
1 6098 
1 6114 
1 6118 
1 6202 
1 6217 
1 6236 
1 6244 
1 6260 
1 6261 
1 6267 
1 6279 
1 6315 
1 6331 
1 6384 
1 6387 
1 6481 
1 6486 
1 6489 
1 6513 
1 6575 
1 6643 
1 6660 
1 6698 
1 6733 
1 6808 
1 6858 
1 6927 
1 6980 
1 6998 
1 7058 
1 7191 
1 7270 
1 7279 
1 7299 
1 7313 
1 7329 
1 7455 
1 7559 
1 7560 
1 7562 
1 7570 
1 7611 
1 7642 
1 7673 
1 7678 
1 7701 
1 7810 
1 7868 
1 7872 
1 7888 
1 7892 
1 7896 
1 7930 
1 7964 
1 7991 
1 7996 
1 8001 
1 8016 
1 8022 
1 8025 
1 8032 
1 8092 
1 8098 
1 8100 
1 8192 
1 8195 
1 8200 
1 8249 
1 8288 
1 8293 
1 8333 
1 8380 
1 8409 
1 8419 
1 8464 
1 8491 
1 8575 
1 8638 
1 8778 
1 8798 
1 8820 
1 8830 
1 8965 
1 8971 
1 8977 
1 9000 
1 9019 
1 9033 
1 9059 
1 9073 
1 9108 
1 9110 
1 9160 
1 9167 
1 9173 
1 9361 
1 9366 
1 9369 
1 9380 
1 9425 
1 9547 
1 9603 
1 9609 
1 9645 
1 9672 
1 9680 
1 9691 
1 9742 
1 9762 
1 9841 
1 9850 
1 9890 
1 9916 
1 9967 
1 9987 
1 10007 
1 10012 
1 10022 
1 10030 
1 10104 
1 10119 
1 10333 
1 10351 
1 10356 
1 10358 
1 10444 
1 10455 
1 10567 
1 10579 
1 10593 
1 10604 
1 10616 
1 10618 
1 10621 
1 10628 
1 10635 
1 10659 
1 10677 
1 10716 
1 10741 
1 10770 
1 10776 
1 10840 
1 10855 
1 10894 
1 10904 
1 10919 
1 10944 
1 10960 
1 11063 
1 11099 
1 11110 
1 11125 
1 11162 
1 11170 
1 11173 
1 11188 
1 11205 
1 11239 
1 11252 
1 11270 
1 11288 
1 11329 
1 11348 
1 11362 
1 11400 
1 11422 
1 11437 
1 11471 
1 11505 
1 11525 
1 11527 
1 11532 
1 11557 
1 11567 
1 11576 
1 11580 
1 11586 
1 11599 
1 11632 
1 11695 
1 11700 
1 11707 
1 11723 
1 11729 
1 11745 
1 11754 
1 11766 
1 11786 
1 11861 
1 11876 
1 11893 
1 11899 
1 11900 
1 11907 
1 11948 
1 11976 
1 12059 
1 12076 
1 12104 
1 12162 
1 12177 
1 12179 
1 12206 
1 12237 
1 12254 
1 12255 
1 12295 
1 12300 
1 12310 
1 12338 
1 12383 
1 12412 
1 12426 
1 12431 
1 12432 
1 12451 
1 12461 
1 12503 
1 12522 
1 12564 
1 12567 
1 12628 
1 12663 
1 12665 
1 12685 
1 12703 
1 12704 
1 12769 
1 12825 
1 12889 
1 12891 
1 12894 
1 12943 
1 12951 
1 13010 
1 13032 
1 13060 
1 13077 
1 13088 
1 13126 
1 13170 
1 13188 
1 13205 
1 13213 
1 13228 
1 13274 
1 13284 
1 13332 
1 13344 
1 13362 
1 13427 
1 13500 
1 13586 
1 13595 
1 13636 
1 13639 
1 13665 
1 13667 
1 13706 
1 13722 
1 13749 
1 13776 
1 13833 
1 13834 
1 13848 
1 13864 
1 13915 
1 13996 
1 14029 
1 14031 
1 14047 
1 14067 
1 14087 
1 14090 
1 14110 
1 14146 
1 14169 
1 14194 
1 14205 
1 14249 
1 14261 
1 14308 
1 14360 
1 14377 
1 14396 
1 14460 
1 14479 
1 14481 
1 14500 
1 14502 
1 14511 
1 14534 
1 14551 
1 14669 
1 14698 
1 14722 
1 14724 
1 14729 
1 14761 
1 14784 
1 14785 
1 14813 
1 14825 
1 14853 
1 14947 
1 14958 
1 15029 
1 15041 
1 15055 
1 15084 
1 15122 
1 15145 
1 15168 
1 15174 
1 15200 
1 15206 
1 15221 
1 15222 
1 15234 
1 15238 
1 15274 
1 15299 
1 15300 
1 15307 
1 15354 
1 15366 
1 15394 
